════════════════════════════════════════════════════════
  3-Body Sun-Earth-Moon EKF (RA/Dec transit observations)
════════════════════════════════════════════════════════

  State vector (15 parameters):
  ── Earth orbit x(1:7) ──
    e_E   = eccentricity of Earth orbit
    i_E   = inclination to equator (obliquity ~23.44 deg)
    Om_E  = longitude of ascending node
    w_E   = argument of periapsis
    M0_E  = mean anomaly at epoch
    mu_SE = GM_sun + GM_earth (km^3/s^2)
    a_E   = semi-major axis of Earth orbit (km)
  ── Moon orbit x(8:14) ──
    e_M   = eccentricity of Moon orbit
    i_M   = inclination to equator (~28.5 deg from ecliptic)
    Om_M  = longitude of ascending node
    w_M   = argument of periapsis
    M0_M  = mean anomaly at epoch
    mu_EM = GM_earth + GM_moon (km^3/s^2)
    a_M   = semi-major axis of Moon orbit (km)
  ── Mass x(15) ──
    gm_M  = GM_moon (km^3/s^2)
  Loaded    745 Sun +   515 Moon observations
  Earth round-trip error:  8.330E-09 km
  Moon  round-trip error:  2.183E-10 km

  True Keplerian elements (J2000 equatorial):
  ── Earth orbit ──
    e_E   =   0.01629417
    i_E   =   23.44580 deg
    Om_E  =  359.99777 deg
    w_E   =  100.69226 deg
    M0_E  =   65.53867 deg
    mu_SE =   1.327128386417E+11 km^3/s^2
    a_E   =  149476110.9 km
  ── Moon orbit ──
    e_M   =   0.04345129
    i_M   =   21.38155 deg
    Om_M  =   12.32698 deg
    w_M   =    8.54008 deg
    M0_M  =  126.13703 deg
    mu_EM =   4.035032355731E+05 km^3/s^2
    a_M   =     386610.3 km
  ── Mass ──
    gm_M  =   4.902800066100E+03 km^3/s^2

  Perturbed initial guess:
  ── Earth ──
    e_E   =   0.01710888  (   5.0%)
    i_E   =   23.94580 deg  (delta   0.50 deg)
    Om_E  =  360.99777 deg  (delta   1.00 deg)
    w_E   =  101.69226 deg  (delta   1.00 deg)
    M0_E  =   66.53867 deg  (delta   1.00 deg)
    mu_SE =   1.328455514804E+11  ( 0.100%)
    a_E   =  150223491.4 km  (  0.500%)
  ── Moon ──
    e_M   =   0.04562386  (   5.0%)
    i_M   =   21.88155 deg  (delta   0.50 deg)
    Om_M  =   13.32698 deg  (delta   1.00 deg)
    w_M   =    9.54008 deg  (delta   1.00 deg)
    M0_M  =  127.13703 deg  (delta   1.00 deg)
    mu_EM =   4.039067388087E+05  ( 0.100%)
    a_M   =     388543.4 km  (  0.500%)
  ── Mass ──
    gm_M  =   9.805600132200E+03  (******%)

  ══════ Iteration  1 /  5

  Joint fit: all observations, all parameters  (sigma=   18000.0")
  ──────────────────────────────────────────────────────────────────────────
   Obs# winRMS_RA" winRMS_D"  e_E_err%  muSE_err%  aE_err%   e_M_err%  muEM_err%  aM_err%  gmM_err%
      1   11944.0     762.9    5.0000    0.1000    0.5000    4.5131    0.1008    0.4906  100.0000
    200    2351.0    7343.8    4.1760    0.1397    0.0228    1.8757    0.1374    0.0517   98.5610
    400    7044.5    3668.2    2.9941    0.1441   -0.0196   -1.7492    0.1405    0.0395   97.6426
    600    2695.5    5450.1    2.8523    0.1461   -0.0298   -3.1487    0.1402    0.0505   97.1427
    800    1931.3     301.8    2.4699    0.1436   -0.0331   -1.8492    0.1383    0.0520   96.4189
   1000    5206.7     305.1    2.3744    0.1396   -0.0325   -1.1005    0.1021    0.0386   94.9581
   1200    3714.7     221.7    1.9618    0.1391   -0.0306   -1.2751    0.1135    0.0411   92.2891
   1260     190.4      96.0    1.7962    0.1392   -0.0310   -1.2269    0.1127    0.0411   92.0520

  ── Iteration  1 summary ──
  Parameter       Value                  True                 Error
  ─────────────────────────────────────────────────────────────────
  e_E       0.01658684          0.01629417          1.7962%
  i_E       23.46977 deg      23.44580 deg      0.0240 deg
  Om_E     359.99903 deg     359.99777 deg      0.0013 deg
  w_E      100.92104 deg     100.69226 deg      0.2288 deg
  M0_E      65.35640 deg      65.53867 deg     -0.1823 deg
  mu_SE     1.328976046749E+11    1.327128386417E+11    0.1392%
  a_E        149429763.1 km         149476110.9 km       -0.0310%
  e_M       0.04291819          0.04345129         -1.2269%
  i_M       21.38888 deg      21.38155 deg      0.0073 deg
  Om_M      12.02887 deg      12.32698 deg     -0.2981 deg
  w_M        8.89861 deg       8.54008 deg      0.3585 deg
  M0_M     126.24706 deg     126.13703 deg      0.1100 deg
  mu_EM     4.039581548565E+05    4.035032355731E+05    0.1127%
  a_M           386769.2 km            386610.3 km        0.0411%
  gm_M      9.415926604504E+03    4.902800066100E+03   92.0520%

  ══════ Iteration  2 /  5

  Joint fit: all observations, all parameters  (sigma=   18000.0")
  ──────────────────────────────────────────────────────────────────────────
   Obs# winRMS_RA" winRMS_D"  e_E_err%  muSE_err%  aE_err%   e_M_err%  muEM_err%  aM_err%  gmM_err%
      1     430.5     356.1    1.7962    0.1392   -0.0310   -1.2486    0.1128    0.0407   92.0520
    200    1195.0    7263.1    1.5012    0.1391   -0.0293   -2.3165    0.1128    0.0357   91.6638
    400    7001.7    3656.8    0.6909    0.1396   -0.0318   -4.9117    0.1131    0.0264   91.1239
    600    2728.5    5434.6    0.6324    0.1374   -0.0337   -5.6293    0.1077    0.0369   90.5084
    800    1982.1     319.0    0.4622    0.1369   -0.0330   -3.8386    0.1019    0.0376   90.2803
   1000    5216.9     311.2    0.5984    0.1348   -0.0322   -2.7525    0.0642    0.0242   90.4721
   1200    3707.1     210.8    0.4375    0.1294   -0.0324   -2.7552    0.0694    0.0250   88.5765
   1260     174.8      99.1    0.3458    0.1301   -0.0325   -2.6471    0.0686    0.0250   88.4667

  ── Iteration  2 summary ──
  Parameter       Value                  True                 Error
  ─────────────────────────────────────────────────────────────────
  e_E       0.01635052          0.01629417          0.3458%
  i_E       23.44540 deg      23.44580 deg     -0.0004 deg
  Om_E     359.95304 deg     359.99777 deg     -0.0447 deg
  w_E      100.93307 deg     100.69226 deg      0.2408 deg
  M0_E      65.34209 deg      65.53867 deg     -0.1966 deg
  mu_SE     1.328854378441E+11    1.327128386417E+11    0.1301%
  a_E        149427596.3 km         149476110.9 km       -0.0325%
  e_M       0.04230110          0.04345129         -2.6471%
  i_M       21.31535 deg      21.38155 deg     -0.0662 deg
  Om_M      11.95564 deg      12.32698 deg     -0.3713 deg
  w_M        9.06610 deg       8.54008 deg      0.5260 deg
  M0_M     126.11178 deg     126.13703 deg     -0.0253 deg
  mu_EM     4.037801776342E+05    4.035032355731E+05    0.0686%
  a_M           386706.9 km            386610.3 km        0.0250%
  gm_M      9.240144067054E+03    4.902800066100E+03   88.4667%

  ══════ Iteration  3 /  5

  Joint fit: all observations, all parameters  (sigma=   18000.0")
  ──────────────────────────────────────────────────────────────────────────
   Obs# winRMS_RA" winRMS_D"  e_E_err%  muSE_err%  aE_err%   e_M_err%  muEM_err%  aM_err%  gmM_err%
      1      39.8     528.3    0.3458    0.1301   -0.0325   -2.6549    0.0686    0.0248   88.4667
    200    1181.9    7259.4    0.2027    0.1300   -0.0300   -3.2337    0.0686    0.0197   88.1738
    400    6996.9    3658.0   -0.4406    0.1321   -0.0310   -5.6290    0.0685    0.0106   87.7621
    600    2729.0    5429.9   -0.3691    0.1344   -0.0313   -6.1968    0.0624    0.0209   87.1551
    800    1995.4     339.8   -0.4226    0.1325   -0.0313   -4.3124    0.0556    0.0216   86.4879
   1000    5216.9     329.0   -0.3393    0.1228   -0.0325   -3.1612    0.0133    0.0070   85.1876
   1200    3703.1     222.4   -0.4570    0.1063   -0.0371   -3.1333    0.0207    0.0085   84.5144
   1260     171.4     113.4   -0.5170    0.1060   -0.0374   -3.0113    0.0200    0.0085   84.4081

  ── Iteration  3 summary ──
  Parameter       Value                  True                 Error
  ─────────────────────────────────────────────────────────────────
  e_E       0.01620993          0.01629417         -0.5170%
  i_E       23.44675 deg      23.44580 deg      0.0009 deg
  Om_E     359.97163 deg     359.99777 deg     -0.0261 deg
  w_E      100.93653 deg     100.69226 deg      0.2443 deg
  M0_E      65.31272 deg      65.53867 deg     -0.2260 deg
  mu_SE     1.328535484983E+11    1.327128386417E+11    0.1060%
  a_E        149420245.6 km         149476110.9 km       -0.0374%
  e_M       0.04214282          0.04345129         -3.0113%
  i_M       21.31533 deg      21.38155 deg     -0.0662 deg
  Om_M      11.95334 deg      12.32698 deg     -0.3736 deg
  w_M        9.19663 deg       8.54008 deg      0.6565 deg
  M0_M     125.98116 deg     126.13703 deg     -0.1559 deg
  mu_EM     4.035840859670E+05    4.035032355731E+05    0.0200%
  a_M           386643.3 km            386610.3 km        0.0085%
  gm_M      9.041158609083E+03    4.902800066100E+03   84.4081%

  ══════ Iteration  4 /  5

  Joint fit: all observations, all parameters  (sigma=   18000.0")
  ──────────────────────────────────────────────────────────────────────────
   Obs# winRMS_RA" winRMS_D"  e_E_err%  muSE_err%  aE_err%   e_M_err%  muEM_err%  aM_err%  gmM_err%
      1       3.3     519.7   -0.5170    0.1060   -0.0374   -3.0173    0.0200    0.0084   84.4081
    200    1184.7    7259.8   -0.5639    0.1057   -0.0354   -3.4899    0.0199    0.0032   84.1608
    400    6996.5    3657.5   -1.1405    0.1030   -0.0377   -5.8454    0.0198   -0.0058   83.7685
    600    2727.7    5426.6   -1.0391    0.1005   -0.0397   -6.3713    0.0136    0.0044   83.0524
    800    1997.3     338.2   -1.0280    0.1001   -0.0389   -4.4599    0.0068    0.0051   82.6847
   1000    5215.6     327.0   -0.7987    0.1186   -0.0315   -3.2733   -0.0340   -0.0095   83.7264
   1200    3702.0     217.6   -0.8835    0.1101   -0.0338   -3.2085   -0.0235   -0.0070   83.2499
   1260     179.7     106.7   -0.9549    0.1102   -0.0339   -3.0844   -0.0238   -0.0068   83.0567

  ── Iteration  4 summary ──
  Parameter       Value                  True                 Error
  ─────────────────────────────────────────────────────────────────
  e_E       0.01613858          0.01629417         -0.9549%
  i_E       23.44886 deg      23.44580 deg      0.0031 deg
  Om_E     359.93127 deg     359.99777 deg     -0.0665 deg
  w_E      100.88205 deg     100.69226 deg      0.1898 deg
  M0_E      65.43542 deg      65.53867 deg     -0.1032 deg
  mu_SE     1.328590743582E+11    1.327128386417E+11    0.1102%
  a_E        149425391.6 km         149476110.9 km       -0.0339%
  e_M       0.04211107          0.04345129         -3.0844%
  i_M       21.30430 deg      21.38155 deg     -0.0772 deg
  Om_M      11.92375 deg      12.32698 deg     -0.4032 deg
  w_M        9.32662 deg       8.54008 deg      0.7865 deg
  M0_M     125.88085 deg     126.13703 deg     -0.2562 deg
  mu_EM     4.034072879780E+05    4.035032355731E+05   -0.0238%
  a_M           386583.9 km            386610.3 km       -0.0068%
  gm_M      8.974905349840E+03    4.902800066100E+03   83.0567%

  ══════ Iteration  5 /  5

  Joint fit: all observations, all parameters  (sigma=   18000.0")
  ──────────────────────────────────────────────────────────────────────────
   Obs# winRMS_RA" winRMS_D"  e_E_err%  muSE_err%  aE_err%   e_M_err%  muEM_err%  aM_err%  gmM_err%
      1       6.0     576.3   -0.9549    0.1102   -0.0339   -3.0910   -0.0238   -0.0070   83.0567
    200    1185.4    7259.7   -0.9625    0.1100   -0.0319   -3.5533   -0.0240   -0.0116   82.8368
    400    6997.6    3657.4   -1.4748    0.1122   -0.0331   -5.9086   -0.0242   -0.0206   82.4739
    600    2726.0    5425.5   -1.3577    0.1101   -0.0355   -6.4249   -0.0305   -0.0102   81.7283
    800    1997.2     336.3   -1.3108    0.1112   -0.0342   -4.5103   -0.0370   -0.0096   81.7513
   1000    5213.1     329.8   -0.9808    0.1068   -0.0330   -3.3447   -0.0773   -0.0234   79.7022
   1200    3701.4     221.7   -0.9223    0.1114   -0.0303   -3.2773   -0.0663   -0.0210   79.2540
   1260     181.6     105.3   -0.9877    0.1122   -0.0303   -3.1502   -0.0661   -0.0207   79.1722

  ── Iteration  5 summary ──
  Parameter       Value                  True                 Error
  ─────────────────────────────────────────────────────────────────
  e_E       0.01613323          0.01629417         -0.9877%
  i_E       23.44788 deg      23.44580 deg      0.0021 deg
  Om_E     359.90824 deg     359.99777 deg     -0.0895 deg
  w_E      101.15443 deg     100.69226 deg      0.4622 deg
  M0_E      65.17715 deg      65.53867 deg     -0.3615 deg
  mu_SE     1.328617236629E+11    1.327128386417E+11    0.1122%
  a_E        149430857.6 km         149476110.9 km       -0.0303%
  e_M       0.04208247          0.04345129         -3.1502%
  i_M       21.29559 deg      21.38155 deg     -0.0860 deg
  Om_M      11.90612 deg      12.32698 deg     -0.4209 deg
  w_M        9.43391 deg       8.54008 deg      0.8938 deg
  M0_M     125.78917 deg     126.13703 deg     -0.3479 deg
  mu_EM     4.032364580390E+05    4.035032355731E+05   -0.0661%
  a_M           386530.2 km            386610.3 km       -0.0207%
  gm_M      8.784452812858E+03    4.902800066100E+03   79.1722%

════════════════════════════════════════════════════════
  FINAL ESTIMATES
════════════════════════════════════════════════════════
  ── Earth orbit ──
  Parameter   Estimated         True            Error
  ─────────────────────────────────────────────────────
  e_E       0.01613323      0.01629417     -0.9877%
  i_E       23.44788 deg    23.44580 deg    0.0021 deg
  Om_E     359.90824 deg   359.99777 deg   -0.0895 deg
  w_E      101.15443 deg   100.69226 deg    0.4622 deg
  M0_E      65.17715 deg    65.53867 deg   -0.3615 deg
  mu_SE     1.328617236629E+11
  mu_true   1.327128386417E+11  err:   0.1122%
  a_E      149430857.6 km  true:  149476110.9 km  err:  -0.0303%

  ── Moon orbit ──
  Parameter   Estimated         True            Error
  ─────────────────────────────────────────────────────
  e_M       0.04208247      0.04345129     -3.1502%
  i_M       21.29559 deg    21.38155 deg   -0.0860 deg
  Om_M      11.90612 deg    12.32698 deg   -0.4209 deg
  w_M        9.43391 deg     8.54008 deg    0.8938 deg
  M0_M     125.78917 deg   126.13703 deg   -0.3479 deg
  mu_EM     4.032364580390E+05
  mu_true   4.035032355731E+05  err:  -0.0661%
  a_M         386530.2 km  true:     386610.3 km  err:  -0.0207%

  ── GM_moon (fitted) ──
  gm_M      8.784452812858E+03
  gm_true   4.902800066100E+03  err:  79.1722%

  ── Derived masses ──
  GM_sun   =    1.328613E+11  (true:    1.327124E+11)  err:   0.1122%
  GM_earth =    3.944520E+05  (true:    3.986004E+05)  err:  -1.0407%
  GM_moon  =    8.784453E+03  (true:    4.902800E+03)  err:  79.1722%

  ── Orbital periods ──
    Earth period =      364.440 days
    (true)       =      364.811 days
    Moon period  =       27.521 days
    (true)       =       27.520 days

  1-sigma uncertainties (from covariance):
  ── Earth ──
    sigma_e_E   =  1.478E-03
    sigma_i_E   =   0.2087 deg
    sigma_Om_E  =   0.5014 deg
    sigma_w_E   =   1.2789 deg
    sigma_M0_E  =   1.2821 deg
    sigma_mu_SE =  6.502E+08  ( 0.48934%)
    sigma_a_E   =  2.522E+05  ( 0.16876%)
  ── Moon ──
    sigma_e_M   =  2.377E-03
    sigma_i_M   =   0.3707 deg
    sigma_Om_M  =   0.8964 deg
    sigma_w_M   =   1.3750 deg
    sigma_M0_M  =   1.3674 deg
    sigma_mu_EM =  1.815E+03  ( 0.44999%)
    sigma_a_M   =  5.851E+02  ( 0.15136%)
  ── Mass ──
    sigma_gm_M  =  2.404E+03  (27.36409%)

  Correlation matrix:
            e_E     i_E     Om_E    w_E     M0_E    muSE    a_E     e_M     i_M     Om_M    w_M     M0_M    muEM    a_M     gm_M 
  e_E    1.0000 -0.0004 -0.0019 -0.0053  0.0022 -0.0011  0.0131 -0.0057  0.0003 -0.0030 -0.0104  0.0146  0.0042 -0.0070 -0.0708
  i_E   -0.0004  1.0000  0.0186 -0.0078 -0.0023 -0.0041 -0.0047  0.0274  0.3965 -0.3513  0.1158  0.0930  0.1875  0.1853  0.0022
  Om_E  -0.0019  0.0186  1.0000 -0.1763 -0.1773 -0.0015  0.0013 -0.0137  0.4316  0.3273 -0.1245 -0.0676 -0.1215 -0.1224 -0.0068
  w_E   -0.0053 -0.0078 -0.1763  1.0000 -0.8974 -0.0002  0.0141 -0.0097 -0.0762 -0.0560  0.0312  0.0059  0.0231  0.0244 -0.0224
  M0_E   0.0022 -0.0023 -0.1773 -0.8974  1.0000 -0.0020  0.0009  0.0169 -0.0749 -0.0606  0.0122  0.0236  0.0223  0.0076  0.0273
  muSE  -0.0011 -0.0041 -0.0015 -0.0002 -0.0020  1.0000  0.9672 -0.0076 -0.0024  0.0013  0.0016 -0.0036  0.0023  0.0022  0.0005
  a_E    0.0131 -0.0047  0.0013  0.0141  0.0009  0.9672  1.0000 -0.0033 -0.0006  0.0017  0.0003 -0.0019  0.0048 -0.0003 -0.2422
  e_M   -0.0057  0.0274 -0.0137 -0.0097  0.0169 -0.0076 -0.0033  1.0000 -0.0231 -0.0075 -0.0769  0.0785  0.0835  0.1304 -0.0105
  i_M    0.0003  0.3965  0.4316 -0.0762 -0.0749 -0.0024 -0.0006 -0.0231  1.0000 -0.0340 -0.0077  0.0275 -0.1100 -0.1160 -0.0043
  Om_M  -0.0030 -0.3513  0.3273 -0.0560 -0.0606  0.0013  0.0017 -0.0075 -0.0340  1.0000 -0.3254 -0.2740  0.1020  0.1022  0.0003
  w_M   -0.0104  0.1158 -0.1245  0.0312  0.0122  0.0016  0.0003 -0.0769 -0.0077 -0.3254  1.0000 -0.7821 -0.0234 -0.0220  0.0005
  M0_M   0.0146  0.0930 -0.0676  0.0059  0.0236 -0.0036 -0.0019  0.0785  0.0275 -0.2740 -0.7821  1.0000 -0.0352 -0.0217 -0.0011
  muEM   0.0042  0.1875 -0.1215  0.0231  0.0223  0.0023  0.0048  0.0835 -0.1100  0.1020 -0.0234 -0.0352  1.0000  0.9958  0.0026
  a_M   -0.0070  0.1853 -0.1224  0.0244  0.0076  0.0022 -0.0003  0.1304 -0.1160  0.1022 -0.0220 -0.0217  0.9958  1.0000  0.0095
  gm_M  -0.0708  0.0022 -0.0068 -0.0224  0.0273  0.0005 -0.2422 -0.0105 -0.0043  0.0003  0.0005 -0.0011  0.0026  0.0095  1.0000

  Note: "True" elements are osculating at epoch.
  The EKF estimates best-fit MEAN elements over the arc.
  Moon elements change significantly over the year due to
  solar perturbations (node regression, apsidal precession).
════════════════════════════════════════════════════════
