════════════════════════════════════════════════════════
  3-Body Sun-Earth-Moon EKF (RA/Dec transit observations)
════════════════════════════════════════════════════════

  State vector (15 parameters):
  ── Earth orbit x(1:7) ──
    e_E   = eccentricity of Earth orbit
    i_E   = inclination to equator (obliquity ~23.44 deg)
    Om_E  = longitude of ascending node
    w_E   = argument of periapsis
    M0_E  = mean anomaly at epoch
    mu_SE = GM_sun + GM_earth (km^3/s^2)
    a_E   = semi-major axis of Earth orbit (km)
  ── Moon orbit x(8:14) ──
    e_M   = eccentricity of Moon orbit
    i_M   = inclination to equator (~28.5 deg from ecliptic)
    Om_M  = longitude of ascending node
    w_M   = argument of periapsis
    M0_M  = mean anomaly at epoch
    mu_EM = GM_earth + GM_moon (km^3/s^2)
    a_M   = semi-major axis of Moon orbit (km)
  ── Mass x(15) ──
    gm_M  = GM_moon (km^3/s^2)
  Loaded    745 Sun +   515 Moon observations
  Earth round-trip error:  4.857E-08 km
  Moon  round-trip error:  2.807E-10 km

  True Keplerian elements (J2000 equatorial):
  ── Earth orbit ──
    e_E   =   0.01629417
    i_E   =   23.44580 deg
    Om_E  =  359.99777 deg
    w_E   =  100.69226 deg
    M0_E  =   65.53867 deg
    mu_SE =   1.327128386417E+11 km^3/s^2
    a_E   =  149476110.9 km
  ── Moon orbit ──
    e_M   =   0.04345129
    i_M   =   21.38155 deg
    Om_M  =   12.32698 deg
    w_M   =    8.54008 deg
    M0_M  =  126.13703 deg
    mu_EM =   4.035032355731E+05 km^3/s^2
    a_M   =     386610.3 km
  ── Mass ──
    gm_M  =   4.902800066100E+03 km^3/s^2

  Perturbed initial guess:
  ── Earth ──
    e_E   =   0.01710888  (   5.0%)
    i_E   =   23.94580 deg  (delta   0.50 deg)
    Om_E  =  360.99777 deg  (delta   1.00 deg)
    w_E   =  101.69226 deg  (delta   1.00 deg)
    M0_E  =   66.53867 deg  (delta   1.00 deg)
    mu_SE =   1.328455514804E+11  ( 0.100%)
    a_E   =  150223491.4 km  (  0.500%)
  ── Moon ──
    e_M   =   0.04562386  (   5.0%)
    i_M   =   21.88155 deg  (delta   0.50 deg)
    Om_M  =   13.32698 deg  (delta   1.00 deg)
    w_M   =    9.54008 deg  (delta   1.00 deg)
    M0_M  =  127.13703 deg  (delta   1.00 deg)
    mu_EM =   4.039067388087E+05  ( 0.100%)
    a_M   =     388543.4 km  (  0.500%)
  ── Mass ──
    gm_M  =   9.805600132200E+03  (******%)

  ══════ Iteration  1 /  5

  Joint fit: all observations, all parameters  (sigma=   18000.0")
  ──────────────────────────────────────────────────────────────────────────
   Obs# winRMS_RA" winRMS_D"  e_E_err%  muSE_err%  aE_err%   e_M_err%  muEM_err%  aM_err%  gmM_err%
      1   11944.0     762.9    5.0000    0.1000    0.5000    4.5131    0.1008    0.4906  100.0000
    200    2350.9    7343.8    4.1757    0.1396    0.0229    1.8759    0.1374    0.0517   98.5605
    400    7044.6    3667.9    3.0072    0.1439   -0.0197   -1.7514    0.1405    0.0395   97.8036
    600    2696.6    5449.2    2.8890    0.1467   -0.0295   -3.1530    0.1403    0.0504   97.5065
    800    1932.2     297.7    2.4920    0.1444   -0.0330   -1.8558    0.1386    0.0521   96.6821
   1000    5206.6     304.3    2.4633    0.1452   -0.0306   -1.1160    0.1034    0.0391   94.2783
   1200    3714.8     224.2    1.9928    0.1260   -0.0372   -1.2827    0.1131    0.0410   94.4407
   1260     175.7     106.9    1.8390    0.1263   -0.0376   -1.2329    0.1124    0.0410   94.2101

  ── Iteration  1 summary ──
  Parameter       Value                  True                 Error
  ─────────────────────────────────────────────────────────────────
  e_E       0.01659381          0.01629417          1.8390%
  i_E       23.47443 deg      23.44580 deg      0.0286 deg
  Om_E       0.01954 deg     359.99777 deg      0.0218 deg
  w_E      100.66234 deg     100.69226 deg     -0.0299 deg
  M0_E      65.58243 deg      65.53867 deg      0.0438 deg
  mu_SE     1.328804166857E+11    1.327128386417E+11    0.1263%
  a_E        149419960.1 km         149476110.9 km       -0.0376%
  e_M       0.04291556          0.04345129         -1.2329%
  i_M       21.39843 deg      21.38155 deg      0.0169 deg
  Om_M      12.03309 deg      12.32698 deg     -0.2939 deg
  w_M        8.89837 deg       8.54008 deg      0.3583 deg
  M0_M     126.24292 deg     126.13703 deg      0.1059 deg
  mu_EM     4.039567051089E+05    4.035032355731E+05    0.1124%
  a_M           386769.0 km            386610.3 km        0.0410%
  gm_M      9.521733737440E+03    4.902800066100E+03   94.2101%

  ══════ Iteration  2 /  5

  Joint fit: all observations, all parameters  (sigma=   18000.0")
  ──────────────────────────────────────────────────────────────────────────
   Obs# winRMS_RA" winRMS_D"  e_E_err%  muSE_err%  aE_err%   e_M_err%  muEM_err%  aM_err%  gmM_err%
      1     436.2     327.3    1.8390    0.1263   -0.0376   -1.2546    0.1124    0.0406   94.2101
    200    1194.8    7263.7    1.5338    0.1263   -0.0361   -2.3199    0.1125    0.0354   93.8661
    400    7001.6    3656.7    0.7031    0.1263   -0.0380   -4.9133    0.1128    0.0261   93.0406
    600    2728.1    5434.4    0.6607    0.1261   -0.0385   -5.6297    0.1076    0.0365   92.4288
    800    1981.9     322.2    0.4921    0.1242   -0.0384   -3.8423    0.1018    0.0373   91.8975
   1000    5217.0     319.9    0.5912    0.1426   -0.0300   -2.7687    0.0620    0.0235   91.0827
   1200    3707.0     216.1    0.4154    0.1428   -0.0301   -2.7604    0.0731    0.0262   91.6709
   1260     188.8     101.1    0.3178    0.1435   -0.0302   -2.6525    0.0728    0.0264   91.5231

  ── Iteration  2 summary ──
  Parameter       Value                  True                 Error
  ─────────────────────────────────────────────────────────────────
  e_E       0.01634595          0.01629417          0.3178%
  i_E       23.45356 deg      23.44580 deg      0.0078 deg
  Om_E     359.94644 deg     359.99777 deg     -0.0513 deg
  w_E      101.12318 deg     100.69226 deg      0.4309 deg
  M0_E      65.16879 deg      65.53867 deg     -0.3699 deg
  mu_SE     1.329032677140E+11    1.327128386417E+11    0.1435%
  a_E        149430982.2 km         149476110.9 km       -0.0302%
  e_M       0.04229874          0.04345129         -2.6525%
  i_M       21.31977 deg      21.38155 deg     -0.0618 deg
  Om_M      11.94059 deg      12.32698 deg     -0.3864 deg
  w_M        9.07165 deg       8.54008 deg      0.5316 deg
  M0_M     126.12075 deg     126.13703 deg     -0.0163 deg
  mu_EM     4.037971425575E+05    4.035032355731E+05    0.0728%
  a_M           386712.5 km            386610.3 km        0.0264%
  gm_M      9.389996661907E+03    4.902800066100E+03   91.5231%

  ══════ Iteration  3 /  5

  Joint fit: all observations, all parameters  (sigma=   18000.0")
  ──────────────────────────────────────────────────────────────────────────
   Obs# winRMS_RA" winRMS_D"  e_E_err%  muSE_err%  aE_err%   e_M_err%  muEM_err%  aM_err%  gmM_err%
      1      39.1     529.5    0.3178    0.1435   -0.0302   -2.6603    0.0729    0.0263   91.5231
    200    1183.0    7259.3    0.1730    0.1433   -0.0275   -3.2386    0.0727    0.0213   91.2005
    400    6997.4    3657.9   -0.5125    0.1417   -0.0314   -5.6385    0.0726    0.0126   90.4974
    600    2730.8    5429.7   -0.5246    0.1359   -0.0340   -6.2096    0.0663    0.0229   89.4140
    800    1996.9     333.8   -0.5626    0.1378   -0.0321   -4.3173    0.0599    0.0236   89.1144
   1000    5219.1     323.3   -0.4825    0.1363   -0.0305   -3.1588    0.0184    0.0092   88.4422
   1200    3705.5     215.2   -0.4786    0.1427   -0.0279   -3.0965    0.0316    0.0123   88.9020
   1260     192.1      99.8   -0.5638    0.1431   -0.0280   -2.9750    0.0317    0.0126   88.7310

  ── Iteration  3 summary ──
  Parameter       Value                  True                 Error
  ─────────────────────────────────────────────────────────────────
  e_E       0.01620230          0.01629417         -0.5638%
  i_E       23.44870 deg      23.44580 deg      0.0029 deg
  Om_E     359.90502 deg     359.99777 deg     -0.0928 deg
  w_E      101.34606 deg     100.69226 deg      0.6538 deg
  M0_E      64.98319 deg      65.53867 deg     -0.5555 deg
  mu_SE     1.329026884074E+11    1.327128386417E+11    0.1431%
  a_E        149434191.4 km         149476110.9 km       -0.0280%
  e_M       0.04215861          0.04345129         -2.9750%
  i_M       21.29662 deg      21.38155 deg     -0.0849 deg
  Om_M      11.90726 deg      12.32698 deg     -0.4197 deg
  w_M        9.22565 deg       8.54008 deg      0.6856 deg
  M0_M     125.99755 deg     126.13703 deg     -0.1395 deg
  mu_EM     4.036309910431E+05    4.035032355731E+05    0.0317%
  a_M           386659.1 km            386610.3 km        0.0126%
  gm_M      9.253103556689E+03    4.902800066100E+03   88.7310%

  ══════ Iteration  4 /  5

  Joint fit: all observations, all parameters  (sigma=   18000.0")
  ──────────────────────────────────────────────────────────────────────────
   Obs# winRMS_RA" winRMS_D"  e_E_err%  muSE_err%  aE_err%   e_M_err%  muEM_err%  aM_err%  gmM_err%
      1      14.9     610.2   -0.5638    0.1431   -0.0280   -2.9816    0.0317    0.0125   88.7310
    200    1184.6    7258.7   -0.6183    0.1428   -0.0248   -3.4674    0.0315    0.0075   88.4350
    400    6997.5    3657.7   -1.2194    0.1423   -0.0279   -5.8293    0.0313   -0.0014   87.8935
    600    2729.4    5428.9   -1.0966    0.1431   -0.0293   -6.3614    0.0250    0.0089   87.2175
    800    1999.3     339.2   -1.0958    0.1444   -0.0277   -4.4491    0.0182    0.0094   86.8925
   1000    5217.2     329.9   -0.8964    0.1387   -0.0281   -3.2826   -0.0224   -0.0047   86.3998
   1200    3703.7     221.5   -0.9746    0.1202   -0.0325   -3.2163   -0.0131   -0.0025   84.6856
   1260     178.2     103.4   -1.0302    0.1200   -0.0326   -3.0932   -0.0132   -0.0023   84.4271

  ── Iteration  4 summary ──
  Parameter       Value                  True                 Error
  ─────────────────────────────────────────────────────────────────
  e_E       0.01612630          0.01629417         -1.0302%
  i_E       23.44255 deg      23.44580 deg     -0.0032 deg
  Om_E     359.90335 deg     359.99777 deg     -0.0944 deg
  w_E      101.27227 deg     100.69226 deg      0.5800 deg
  M0_E      65.04402 deg      65.53867 deg     -0.4947 deg
  mu_SE     1.328720914731E+11    1.327128386417E+11    0.1200%
  a_E        149427363.6 km         149476110.9 km       -0.0326%
  e_M       0.04210726          0.04345129         -3.0932%
  i_M       21.28935 deg      21.38155 deg     -0.0922 deg
  Om_M      11.90778 deg      12.32698 deg     -0.4192 deg
  w_M        9.34021 deg       8.54008 deg      0.8001 deg
  M0_M     125.88043 deg     126.13703 deg     -0.2566 deg
  mu_EM     4.034498567958E+05    4.035032355731E+05   -0.0132%
  a_M           386601.4 km            386610.3 km       -0.0023%
  gm_M      9.042093541811E+03    4.902800066100E+03   84.4271%

  ══════ Iteration  5 /  5

  Joint fit: all observations, all parameters  (sigma=   18000.0")
  ──────────────────────────────────────────────────────────────────────────
   Obs# winRMS_RA" winRMS_D"  e_E_err%  muSE_err%  aE_err%   e_M_err%  muEM_err%  aM_err%  gmM_err%
      1      27.1     626.8   -1.0302    0.1200   -0.0326   -3.0995   -0.0132   -0.0024   84.4271
    200    1187.2    7258.9   -1.0283    0.1198   -0.0290   -3.5642   -0.0134   -0.0076   84.1579
    400    6998.2    3657.9   -1.5565    0.1195   -0.0327   -5.9210   -0.0138   -0.0163   83.2588
    600    2728.7    5424.9   -1.4441    0.1199   -0.0337   -6.4329   -0.0205   -0.0062   82.7660
    800    1999.2     344.5   -1.3860    0.1178   -0.0329   -4.5183   -0.0275   -0.0058   82.0516
   1000    5213.8     339.0   -1.1354    0.1304   -0.0279   -3.3397   -0.0696   -0.0206   82.9178
   1200    3700.9     232.4   -1.1588    0.1218   -0.0295   -3.2782   -0.0616   -0.0190   81.5396
   1260     169.6     119.2   -1.2077    0.1216   -0.0297   -3.1527   -0.0617   -0.0189   81.4076

  ── Iteration  5 summary ──
  Parameter       Value                  True                 Error
  ─────────────────────────────────────────────────────────────────
  e_E       0.01609739          0.01629417         -1.2077%
  i_E       23.44916 deg      23.44580 deg      0.0034 deg
  Om_E     359.96158 deg     359.99777 deg     -0.0362 deg
  w_E      100.99108 deg     100.69226 deg      0.2988 deg
  M0_E      65.26988 deg      65.53867 deg     -0.2688 deg
  mu_SE     1.328741765572E+11    1.327128386417E+11    0.1216%
  a_E        149431756.8 km         149476110.9 km       -0.0297%
  e_M       0.04208140          0.04345129         -3.1527%
  i_M       21.31117 deg      21.38155 deg     -0.0704 deg
  Om_M      11.93217 deg      12.32698 deg     -0.3948 deg
  w_M        9.42351 deg       8.54008 deg      0.8834 deg
  M0_M     125.77504 deg     126.13703 deg     -0.3620 deg
  mu_EM     4.032540890915E+05    4.035032355731E+05   -0.0617%
  a_M           386537.4 km            386610.3 km       -0.0189%
  gm_M      8.894054153655E+03    4.902800066100E+03   81.4076%

════════════════════════════════════════════════════════
  FINAL ESTIMATES
════════════════════════════════════════════════════════
  ── Earth orbit ──
  Parameter   Estimated         True            Error
  ─────────────────────────────────────────────────────
  e_E       0.01609739      0.01629417     -1.2077%
  i_E       23.44916 deg    23.44580 deg    0.0034 deg
  Om_E     359.96158 deg   359.99777 deg   -0.0362 deg
  w_E      100.99108 deg   100.69226 deg    0.2988 deg
  M0_E      65.26988 deg    65.53867 deg   -0.2688 deg
  mu_SE     1.328741765572E+11
  mu_true   1.327128386417E+11  err:   0.1216%
  a_E      149431756.8 km  true:  149476110.9 km  err:  -0.0297%

  ── Moon orbit ──
  Parameter   Estimated         True            Error
  ─────────────────────────────────────────────────────
  e_M       0.04208140      0.04345129     -3.1527%
  i_M       21.31117 deg    21.38155 deg   -0.0704 deg
  Om_M      11.93217 deg    12.32698 deg   -0.3948 deg
  w_M        9.42351 deg     8.54008 deg    0.8834 deg
  M0_M     125.77504 deg   126.13703 deg   -0.3620 deg
  mu_EM     4.032540890915E+05
  mu_true   4.035032355731E+05  err:  -0.0617%
  a_M         386537.4 km  true:     386610.3 km  err:  -0.0189%

  ── GM_moon (fitted) ──
  gm_M      8.894054153655E+03
  gm_true   4.902800066100E+03  err:  81.4076%

  ── Derived masses ──
  GM_sun   =    1.328738E+11  (true:    1.327124E+11)  err:   0.1216%
  GM_earth =    3.943600E+05  (true:    3.986004E+05)  err:  -1.0638%
  GM_moon  =    8.894054E+03  (true:    4.902800E+03)  err:  81.4076%

  ── Orbital periods ──
    Earth period =      364.427 days
    (true)       =      364.811 days
    Moon period  =       27.521 days
    (true)       =       27.520 days

  1-sigma uncertainties (from covariance):
  ── Earth ──
    sigma_e_E   =  1.478E-03
    sigma_i_E   =   0.2087 deg
    sigma_Om_E  =   0.5008 deg
    sigma_w_E   =   1.3121 deg
    sigma_M0_E  =   1.3082 deg
    sigma_mu_SE =  6.513E+08  ( 0.49014%)
    sigma_a_E   =  2.524E+05  ( 0.16893%)
  ── Moon ──
    sigma_e_M   =  2.377E-03
    sigma_i_M   =   0.3707 deg
    sigma_Om_M  =   0.8965 deg
    sigma_w_M   =   1.3764 deg
    sigma_M0_M  =   1.3670 deg
    sigma_mu_EM =  1.814E+03  ( 0.44982%)
    sigma_a_M   =  5.849E+02  ( 0.15132%)
  ── Mass ──
    sigma_gm_M  =  2.405E+03  (27.04476%)

  Correlation matrix:
            e_E     i_E     Om_E    w_E     M0_E    muSE    a_E     e_M     i_M     Om_M    w_M     M0_M    muEM    a_M     gm_M 
  e_E    1.0000 -0.0003 -0.0028 -0.0051  0.0024 -0.0013  0.0130 -0.0082 -0.0000 -0.0037 -0.0122  0.0131  0.0053 -0.0067 -0.0714
  i_E   -0.0003  1.0000  0.0203 -0.0047 -0.0056 -0.0026 -0.0032  0.0287  0.3975 -0.3510  0.1169  0.0923  0.1868  0.1847  0.0024
  Om_E  -0.0028  0.0203  1.0000 -0.1835 -0.1617 -0.0005  0.0019 -0.0154  0.4314  0.3272 -0.1298 -0.0635 -0.1192 -0.1206 -0.0053
  w_E   -0.0051 -0.0047 -0.1835  1.0000 -0.9020 -0.0052  0.0094 -0.0034 -0.0789 -0.0594  0.0268  0.0117  0.0202  0.0218 -0.0229
  M0_E   0.0024 -0.0056 -0.1617 -0.9020  1.0000  0.0033  0.0055  0.0121 -0.0684 -0.0545  0.0177  0.0152  0.0232  0.0085  0.0276
  muSE  -0.0013 -0.0026 -0.0005 -0.0052  0.0033  1.0000  0.9672 -0.0060 -0.0013  0.0006 -0.0007 -0.0005  0.0003  0.0002  0.0032
  a_E    0.0130 -0.0032  0.0019  0.0094  0.0055  0.9672  1.0000 -0.0032  0.0003  0.0011 -0.0017  0.0009  0.0035 -0.0016 -0.2394
  e_M   -0.0082  0.0287 -0.0154 -0.0034  0.0121 -0.0060 -0.0032  1.0000 -0.0232 -0.0085 -0.0767  0.0788  0.0844  0.1312 -0.0031
  i_M   -0.0000  0.3975  0.4314 -0.0789 -0.0684 -0.0013  0.0003 -0.0232  1.0000 -0.0344 -0.0093  0.0291 -0.1092 -0.1153 -0.0034
  Om_M  -0.0037 -0.3510  0.3272 -0.0594 -0.0545  0.0006  0.0011 -0.0085 -0.0344  1.0000 -0.3275 -0.2725  0.1029  0.1028  0.0000
  w_M   -0.0122  0.1169 -0.1298  0.0268  0.0177 -0.0007 -0.0017 -0.0767 -0.0093 -0.3275  1.0000 -0.7819 -0.0226 -0.0213 -0.0003
  M0_M   0.0131  0.0923 -0.0635  0.0117  0.0152 -0.0005  0.0009  0.0788  0.0291 -0.2725 -0.7819  1.0000 -0.0360 -0.0223 -0.0007
  muEM   0.0053  0.1868 -0.1192  0.0202  0.0232  0.0003  0.0035  0.0844 -0.1092  0.1029 -0.0226 -0.0360  1.0000  0.9958 -0.0002
  a_M   -0.0067  0.1847 -0.1206  0.0218  0.0085  0.0002 -0.0016  0.1312 -0.1153  0.1028 -0.0213 -0.0223  0.9958  1.0000  0.0068
  gm_M  -0.0714  0.0024 -0.0053 -0.0229  0.0276  0.0032 -0.2394 -0.0031 -0.0034  0.0000 -0.0003 -0.0007 -0.0002  0.0068  1.0000

  Note: "True" elements are osculating at epoch.
  The EKF estimates best-fit MEAN elements over the arc.
  Moon elements change significantly over the year due to
  solar perturbations (node regression, apsidal precession).
════════════════════════════════════════════════════════
